   9    4
  52  -69
   9    0    0    0  -18
 -24    0    0    0    0
 -84    0   39    0   -6
  -8   -5   46
  40  -40    0
 -18  -38    0
 -46  -12  -39
   0   12   18
 -57    0   10
 -32   69   36
 -16    0    0
   0  -88    0
  16    0  -12    0    0
  18    0   33    0   68
 -40    0   -6    0  -34
  22   12    0
 -22   69  -25
 -80   19   36
  46    0
   0    5
   0  -57   24
 -36    0  -57
  38  -38  -26
 -28   12
 -16    1
   0   18    0
 -10   18    0
   0  -63   30
 100    0  -32    0  -19
 -13    0  -33    0   20
   2    0  -11    0  -69
   6   21  -22
  -9    0    0
 -51  -56    0
 -28    0   23
   9  -76    0
  32  -69  -15
 -40   23
   0   18
  69   92  -51
  36    0  -54
  42   20  -46
 -18   39    0
 -80  -60   -7
   0    8   17
   6   20    0
  72  -25   12
  60   -2  -42
   0    0   22    0   15
   0    0   18    0  -42
 -24    0   22    0  -12
   0    0   18    0    0
  28    0  -56    0   30
 -27    0    0    0    0
    1   0   -3    0    2
    0   0    0    0    0
    
