 -28    2   20
   0    3    0
  14   28    0
   0    0
  50   -6
  24   36
   6   48
   0  -18
  28  -60
 -20  -36
  22   17
   0  -21
   0  -52
 -40    0    0    0  -54
   0    0  -10    0    0
 -64    0    0    0    0
  10    0
 -27  -17
 -40    0    0    0  -52
  18    0   24    0   12
  16    0   40    0    0
   0  -30  -50
   0   26   -1
  60   27  -16
 -57    0   21
   0   14  -48
 -84   96   44
  12  -30
  63   -9
  26    0
 -11  -92
  -9  -20
 -46  -50
 -75  -44
 -21   22
 -21    0
   0   18
 100  -34
  88  -36
  28   21
  50    0
  48    0    8    0   34
 -32    0   18    0    0
  32    0  -72    0  -12
  54    0
  17  -20
  14   -6   -3
 -21  -40   56
  -8  -32    0
   2   51  -24
 -14    0    0
   0   20    8
 -64  -23
   0   -4
   4    0   18    0    0
  22    0  -88    0   96
 -26    0  -51    0    0
  30    0   69    0  -76
  76    0   -9    0   28
  -2    0    0    0  -19
  11    0   -4    0  -17
  96    0  -12    0   25
  36    0  -12    0   80
 -42   27
   6  -40
 -30    0   66    0  -16
  66    0   16    0   -8
  -6    0  -60    0   -4
   0    0
  15  -24
 -38   -4    0
  60   40  -22
 -21  -72   42
  44    0  -60    0  -16
 -50    0   22    0    0
   0    0   84    0    0
  72    0   39    0    4
  -6    0    0    0    0
 -17    0   14    0   21
  -4    0    2
   0    0   17
  18   -6    8
 -26    0   20
 -63    0   25
 -21  -42    0
 -24    0   38    0    0
   0    0    6    0   10
  15    0  -44    0  -16
  -1  -60
   0   50
   0    0    0    0   51
  72    0   -1    0    0
 -19    0    0    0   92
  56    0
  30   30
 -20  -24
 -48  -63
  46   57
  69   64
 -18    0  -18    0   28
 -64    0    0    0  -69
  48    0  -18    0  -48
  23  -36  -12
   9 -100   15
 -11   48    0
  16   10
  52  -11
   0    0  -23
  84    0  -69
   0   22    9
  -6  -48
  42   -3
-100    0
   0  100
   0  -60
  -8  -96
  66    0    0
   0  -68  -20
   0    0  -24
  -3    0   10    0    6
  40    0  -10    0   -6
   0    0    0    0    5
   2    4
   0   10
 -20    0
  -6   20
 -12    0
   0    0
  36    0    0
   0    0    0
  48   92    0
   0    0  -19    0   48
  12    0    0    0  -60
  57    0   -1    0   21
  -5    0  -28    0    0
   2    0  -18    0  -28
 -32    0    0    0    0
   5    0  -68    0    1
  16    0   60    0  -69
 -32    0  -84    0  -28
   0   -1    0
  12    0    9
  15  -22    0
   0    0    2    0  -11
 -33    0    0    0    8
  -3    0 -100    0   34
   0  -38
  68   42
  11  -68
 -75    0
  84    4   32
  -1   25   12
  18   28  -11
 -48    0   48    0    0
  15    0    0    0    0
  16    0   76    0  100
   0    0    0    0   24
 -51    0   20    0   -3
  34    0    0    0   -4
  36  -51  -14
   7  -16   72
 -75   30  -13
   0   60    0
  -8  -15    0
 -68  -13   66
 -18  100  -20
 -13   24  100
   0  -21  -72
   0    0
  60   -4
 -21    0   45    0    0
   0    0  -28    0  -20
 -52    0   -2    0   72
  -4   22    0
 -40   21  -42
  25   96    6
   0    0   48    0    0
   5    0   56    0   39
  -4    0  -52    0    5
   0  -51
  64   48
  48  -42
  28  -24
 -18   14    0
 -60   20   -4
  -2  -36  -21
   0    0
 -66   20
  14    0   -9    0    0
 -92    0    0    0  -68
  15    0  -11    0  -20
 -20    0    8    0   10
 -20    0    0    0  -54
   0    0   24    0  -92
 -72    0    0    0   50
  75    0   16    0    0
 -24    0   -4    0  -33
   0   24    0
  48   -4   16
   4  -20  -69
  24   12   30
 -12    2  -34
  20  -39    0
   5   -9
 -75  -20
   0    0   22    0  -18
  75    0  -13    0    9
  14    0    0    0    0
  92   17
 -13   -9
 -66  -32
  56  -20
  -8  -24
  18   96
   0    0    4    0  -60
  -4    0   76    0  -12
 -22    0   66    0   -2
  -4    0   68    0  -64
   0    0    0    0   60
  48    0    0    0   30
 -18  -66
  96   14
  42  -40   18
 -48   76  -36
  22    0   34
   0    0   72
 -22   14    2
 -72  100  -36
  72    0  -48
 -60    0    0
  44   28    0
 -24    0  -39    0  -19
  66    0   51    0  -20
   0    0   72    0  -16
 -14    0   60    0   30
  36    0    8    0   12
  -3    0  -21    0    9
 -34    0   33    0  -25
 -38    0   96    0   24
 -72    0   12    0  -32
 -32    0   20    0   57
  30    0  -24    0    0
  69    0  -72    0   68
 -48  -28
 -30    0
  76   28
  -3   24
   0    0  -18    0    0
 -64    0   -5    0    0
 -38    0  -20    0   21
   0   30
   0   16
  17  -44
 -32    0
  23    6  -51
 -11   -2  -30
  -6    7    0
  80    0  -18    0  -28
 -30    0  -21    0   39
  18    0    0    0    0
 -66  -17
  23    0
 -32    0    0    0    7
 -17    0    0    0   40
   0    0   15    0   72
 -21    0   84    0    1
  42    0  -30    0    0
  44    0   72    0  -25
 -12    3
 -18   33
  40  -23
   0   13
   0  -30  -20
  10  -66   52
   0    0    0
  66    0   24    0    0
  20    0  -21    0  -40
   0    0    0    0    5
 -63    0    0    0  -38
  -6    0  -48    0  -63
 -12    0  -76    0   18
  16    0  -39    0  -15
   4    0    0    0    2
  32    0  -18    0    0
 100  -15   21
   0  -12    0
   0   -3   21
   0   -3
 -46   96
  16  -50
  63  -33
  36  -34
  48   -3
  36    0    0
  20    0  -80
 -28    0   -7
  36   88   57
   6   92   -5
   0   42   32
  26   24
  15  -14
  21  -11  -92
  -2   18   14
  48    7  -68
 -20   40
  72    5
  -8   18
 -36  -11
  44  -16
  18   15
 -15  -21
  42  -46
   0    0  -92    0    0
  24    0   63    0    0
   6    0    4    0  -66
 -51    0    1    0   -6
 -42    0   24    0   20
 -44    0  -75    0   64
   0    0   38    0  -18
 -18    0   12    0    0
 -16    0    0    0  -24
  17  -60
  -7   14
   0   45
 -18   -2
 -56    6   -6
   0   30    0
   8  -48  -60
   0  -24  -28
   6    0  -16
 -76  -28   64
 -24    0
  -6  -42
 -39   -8   12
  48  -24   36
 -12    0  -66
  21  -45   50
   0    0  -57
 -16   17    0
 -12    0   10    0    0
 -20    0    0    0   44
  24    0   -1    0    0
  50   52  -36
 -26   60  -80
   0   69  -38
  -8    0    0    0   16
   0    0   -4    0  -16
  84    0  -32    0   38
 -24    0  -27    0   80
  12    0  -72    0   39
 -15    0  -32    0    0
   0  -30
 -36   34
   0    0  -32
 -27   46    0
 -14    0    0
 -33  -84   -6
  18   22    0
   0    0    0
   0    0   22    0   -3
  15    0   50    0   30
 -12    0   -9    0    8
 -20    0   12    0  -36
  22    0  -69    0  -21
   8    0  -32    0   -6
  -2    0
  36    0
  -3  -24    0
  13  -60  -18
  13   20   48
   0    0    1    0  -52
  42    0   46    0    0
   6    0   18    0  -15
   5   20  -60
  50    0   54
 -48  -18  -26
  18  -84
 -54   22
  44   12  -18
 -40    0    2
  64   76  -92
   6    0    6    0   33
  48    0    0    0   18
 -63    0  -24    0   16
   0    0    0    0    0
  75    0  -96    0  -13
  -2    0   19    0  -16
   0    0   21    0   36
 -54    0    0    0   50
   0    0  -18    0  -24
  66    0   57    0   -6
  64    0   22    0  -10
   0    0  -24    0   18
  72    0  -45    0  -15
  75    0  -63    0   63
   5    0   -9    0   36
   0    0   66
  22    0   23
   0   14    0
   6    0  -15    0   18
 -13    0  -19    0   39
  11    0   36    0   -4
  11    0    0    0    0
   0    0   28    0  -75
  18    0  -39    0   32
 -12   24
  24    0
  48   24   17
   6  -40  -60
   9    9   44
  20   38   84
   6   44    3
  -2  -27   -6
 -26  -32   34
   8    0  -52
 -19  -38  -28
 -44    0  -66    0    0
  -8    0    4    0  -24
  75    0   50    0    0
 -48  -24  -34
  -5  -24    0
   0  -32   60
   0    9   20
   4    0    4
 -54  -32  -20
 -72    0    0    0    8
 -75    0    0    0    7
  12    0  -36    0   -5
  -4  -22
 -16  -22
  50   -8   12
 -16  -64    0
  72  -44   32
   0    0    0
  24   -1    8
   0   18    0
 -48    0
 -14    0
  12    0   11    0    0
 -44    0  -27    0    0
  32    0   14    0    0
   0   -7
   0  -32
   7    0   18    0   96
  80    0   24    0    8
  -8    0   57    0   -2
 -32    0   22
  88  -13  -48
  68  -48  -46
   2  -38
  24  -22
   0   24
 -12   13
   0   18  100
   4  -25   16
 -76    0   -3
 -22  -84  -88
  69    0   10
  24   10    8
  21   57  -12
 -44  -36    0
  15    0  -11
   0    0   20    0    8
 -13    0  -44    0   30
  66    0    0    0   45
  -1    0   18    0  -14
 -16    0   -7    0   48
 -16    0   24    0  -60
 -30   40
   0  -66
  27    0    0    0  -18
  14    0  -80    0   48
  18    0    0    0   39
 -12  -72  -28
  72    0    0
   0   25    0
 -30    0    9    0   12
  40    0   18    0  -24
   0    0    0    0  -48
  24  -21   48
   6   60   36
 -24   36   -4
   0  -40  -10
  48   40   36
   0    0   -8
 -18    0   68    0    0
  32    0  -15    0   24
   0    0  -51    0  -30
  50    0
 -22   -6
 -12  -30   48
  48  -60   -2
   9  -32   36
   0    0  -46    0    0
   0    0   10    0   96
 -50    0   28    0   -6
   0   10    0
  84    0  -48
  88  -40   50
  76   -8
  28   44
  -8   -5   40
  28    0  -15
   0    0  -40
 -84    0   36
  32  -54  -28
 -56   19    0
  30    0
 -32    3
 -48   -8
   0    0
 -36    0
  24   38
  16  -16
  36  -44
   0    0  -92    0    0
 -92    0    6    0    9
 -54    0  -25    0   14
   0   63
 100    0
 -16    9
   0    0
   0    0   57    0    0
   2    0  -72    0   14
  52    0  -27    0  -39
  14   -6
 -32    0
  18    0    8    0  -60
 -27    0  -20    0  -30
   0    0   19    0  -15
  18    0   16    0  -76
  30    0    9    0    0
   4    0  -52    0    0
 -28  -72
 -15    4
   0   24  -75
 -48  -46    2
  21    0  -36
   9    0   -3    0    0
  39    0   19    0   72
  -8    0   34    0   16
 -12    0   20    0   22
   0    0   16    0   88
 -26    0    0    0   -6
 -28    0
 -63   16
  12    6
  30   44
   0    0    0    0  -42
  12    0   38    0   19
 -15    0  -14    0    0
   0    0  -12    0   12
   0    0   -4    0   -4
 -51    0    9    0   11
   0    0
   0  -63
   0   60
   0  -16
   0   -4
   0  -88
   0   57
 100   -7
 -50    0
   0    0
  52   -7    0
  12   18   52
 -14  -88   44
 -36  -60    0
  33  -18    0
   0    0   -2
   0    0
   0   36
   0    9
   0    8
  56   22  -66
   0    0   69
  15    0   28
  -8    6
  63    0
   0  -18
 -15  -60
 -44    0    0    0    0
  46    0  -92    0  -40
   0    0   24    0   24
  21    8
 -45    0
  12    0   10    0    0
  12    0  -60    0   45
 -16    0  -15    0  -32
  21  -63
  48  -60
  18    0  -12    0   60
  -9    0    5    0  -18
  -2    0  -36    0   10
   0    0  -92    0  -76
 -96    0   36    0  -75
   0    0   39    0   -4
 -42    0  -24    0    0
  25    0   66    0  -33
 -44    0    0    0   10
 -15   22
   0  -84
   0   12  -69
  50  -15  -10
  22   -1  -52
 -17    4
  23  -66
  10    0   44    0    0
 -30    0  -72    0   36
 -10    0   96    0    0
   2   21
  72   19
  92   80    0
  96   92   12
  36  -42   12
  44    0  -10    0  -44
   8    0  -42    0   23
  -9    0  -24    0  -27
 -19  -20    4
  -4    0   36
 -13    0  -32
  16   14   66
   0  -24  -14
 -44  -22    0
  30  -44
   2   60
  60  -52   40
  -6  -60    6
   0    0  -32
  24   17    3
  15    9  -76
   0    8   96
   0   -4  -11
  28  -48    5
 -64   52  -76
 -21   -7
 -30    0
   0  -57
  68    0
 -21    0    6    0   -5
 -32    0    0    0  -80
  20    0    8    0    0
  -4  -48   63
  15    0   -7
   0    8   45
   2   23  -32
 -24    2   44
   0   -8   -5
  10    0    2    0    0
   1    0    0    0   -2
 -66    0    0    0    0
 -72   12   15
   0  -32   16
   0    0    0
   0    0    8    0   14
 -22    0    0    0  -14
  75    0    8    0   19
  12    0   92    0   64
  12    0  -25    0   84
  -4    0    0    0   28
  -6  -40    0
 -84    0  -33
  26    0   57
  40   72   60
 -17  -18    0
  18   20   84
  12    0  -88    0   -6
  40    0  -27    0    0
   0    0  -16    0   24
 -24   22  -24
   0    4    0
   0  -20    0
 -72    0   -4    0  -75
 -32    0  -16    0  -15
  16    0    0    0   40
  -4   11
 -34    0
 -15    0    0    0    0
 -60    0   24    0  -46
   6    0  -12    0    0
 -30    5
  12   -2
  15    0  -64    0   28
  14    0   -5    0  -23
  15    0    0    0    0
 -16 -100   13
   8  -40  -30
  30   45  -21
 -42  -68
   0    0
   0    0  -32    0  -57
   4    0   22    0    0
 -19    0  -12    0  -18
 -20   50
 -36  -40
 -72  -17    0
  17  -30   57
 -18    0    0
 -30  -20    9
  20   18   60
  48   48  -92
  -8    0  -48    0    0
 -48    0  -21    0   96
   0    0    0    0  -80
  21   92   51
  10   42    6
 -69  -30  -16
 -80    0   22    0    4
  80    0   17    0  -45
   7    0   -3    0    0
   4   10
   0   52
  23  -39
 -66   28
  45    0
 -18   -4
   0    0    0    0   28
 -42    0   72    0   -2
   5    0    6    0   -3
   0    0    0    0    0
  20    0  -36    0  -23
  23    0   30    0   21
   0   24  -18
  24  -34  -63
   2  -34  -42
 -13   13
   4  -24
  36    0  -57    0   63
   0    0  -11    0  -30
 -23    0  -12    0  -13
   0    0  -22    0    8
  40    0   23    0  -36
 -48    0  -36    0  -46
   8   45    0
 -22   80   42
 100  -14   16
   0    0
  18  -56
 -50   25
 -28  -57
  24  -64  -13
  30   50   51
   0   23   72
   0  -40
 -88  -48
   0  -75  -32
   0  -15 -100
   0   27  -51
   6  -75
   0    0
  30    0
   0   10
   0    0   46    0    0
   0    0  -92    0   10
   0    0  -16    0 -100
  51    0
 -32  -19
  72    0    0    0  -92
  44    0   -4    0   56
 -27    0   66    0  -52
   0   -6
 -24  -28
   6    0    0    0   30
 -40    0   28    0  -15
  20    0   72    0   51
  39    0    8    0  -24
 -12    0    0    0   51
   0    0    3    0    0
   0    0   -8    0  -16
 -24    0   12    0   51
   7    0   44    0    0
 -20   12  -38
  42    0  -40
   0  -72   64
  64   -9
  36   54
  15  -18
 -13   25
   0   60    6
  84    8    0
  18  -26   11
   0    8
  -4  -84
  88   22
   0  -40
  13    0  -22    0   23
  18    0    0    0  -64
   1    0    0    0   21
  -4  -54    0
   5    9    0
   0  -57  -60
 -92  -92  -63
 -48   27   10
  44    0   44
 -44    0  -17    0   32
  54    0  -12    0  -24
  36    0  -33    0   40
 -21   34   14
 -60  -21  -36
  -6  -17  -30
 -34   27
 -42   34
   8    0  -48    0    0
  42    0   14    0   38
  75    0  -51    0  -21
  33   -5
  10    0
 -20  -17
   0    0
 -44   18
   0    8
  17    0  -33    0   23
 -16    0   92    0  -56
  39    0   -9    0    0
 -10  -20    0
   0   48    0
 -24  -32   56
   0   14    8
  30   52  -60
 -76   92  -32
 -30    0   14    0  -22
 -32    0  -20    0    0
  13    0    3    0    0
   2   76
  96    0
   0  -34
 -63  -33
 -44    9
   9  -16
 -84    0    0    0  -32
 -33    0  -80    0   -4
 -18    0  -38    0    0
   0    0
 -32    0
  16    0  -96    0   18
 -20    0   92    0  -39
  -3    0   84    0   14
  20    8
 -20   92
   0    0   28    0  -28
 -44    0   16    0    0
  26    0   92    0   13
  12    8  -28
   0  -84   39
   0   -6  -60
   0    4   20
 -36   -7    0
 -42   48   48
 -42    0    0    0   18
 -15    0   51    0   50
  15    0    0    0   44
   0  -42    0
 -14   10    4
   0  -69   36
   0   19   36
   0   -4   96
   2   16  -84
   0    0    0    0   51
   0    0   50    0  -21
 -15    0    9    0    0
   0    0   60    0    0
 -38    0    0    0   21
  -2    0    0    0   17
  42  -39   56
   9    0   12
 -40    0   -8
  28  -88    0
  46   51   15
   0   72  -18
-100    0    0    0   52
  -6    0    0    0  -20
  16    0  -26    0    0
  -7    0   36
  36   24    0
 -18   22   21
 -72    0
  18  -38
   0  -20  -40
  36    0  -38
  18    0   36
  45  -11
  48    8
  96    0    0    0  -28
   0    0    4    0  -32
   0    0    0    0   23
   5    0    0    0    0
  76    0   42    0   36
  24    0   57    0  -50
 -66    0    0    0    0
  33    0   46    0    0
   0    0    1    0    0
 -48   34
 -24   -6
   6    0   22    0   75
 -69    0   -8    0  -60
  60    0    0    0   69
  48   -5  -46
   6   68   42
  -4   60  -72
  24    0   21    0   12
  10    0   36    0  -50
  63    0   10    0  -24
 -48    0  -57    0    0
  15    0  -24    0    0
 -30    0  -24    0  -15
 -56    0  -19    0  -42
  -4    0   27    0   60
 -76    0  -75    0    4
  60  -11
 -63  -40
   0   -7    0
   6    4    0
  36    0   96
  36  -24  -57
   0  -33  -20
  44  -24  -21
 -36  -63
  51    2
  22   -4
  84  -66
   6    0   92
 -45    5   54
  18  -36    0
  14    0  -34    0  -48
   0    0   76    0   40
   0    0  -30    0   51
  36    0   52
   0  -84  -84
 -16  -48    0
   0    0   45    0  -57
  -1    0   12    0   -6
  11    0  -10    0   40
  40   -2
  48    0
  51    8
   0   45
 -30    0
  -8   40
  39    0    0
 -54   39  -42
   0    0    4
  19  -63  100
   0  -20  -21
   0   26  -34
   2    0  -10
  24    0  -18
  45    0    0
  84    0   24    0   12
  -8    0   -9    0   30
 -69    0  -32    0  -92
  72    0  -36
   4  -50    0
  66   -9    6
 -88    0   10    0  -36
  32    0  -63    0  -60
   0    0   20    0  -34
  57    0   10    0  -57
   0    0   36    0    0
  32    0    0    0   -3
 -12   48
 -18  -20
-100  -12
  10   32
   0  -12
   0   12
 -40    0   46    0   12
   0    0  -26    0    0
  23    0    0    0  -28
 -28    0    4
   0    0  -64
  64   13   21
   0   45   12
   0  -12   24
  28  -42   30
  16    0   50    0   11
  -1    0  -36    0  -28
  16    0    0    0    0
   0  -32   24
   0   46   -9
 -20    0   46
  48   16
 -66  -60
 -48  -48  -22
 -51   57  -19
  15    0  -22
  -4    0   24    0  -20
   6    0  -75    0  -30
  63    0   18    0   75
  84   63  -22
 -16   -9   66
   0    0    0
 -15    0    0    0    0
  88    0   20    0  -63
 -25    0   63    0   96
  -9   36   10
   4   36  -22
  24   48    0
  15  -33
  23   13
  75    0    0    0    0
 -48    0  -24    0   -4
 -28    0   -8    0   48
 -24   -8   80
   3  -30   66
 -21  -64   72
   0    0    0    0  -48
  -3    0  -40    0    9
 -10    0  -36    0    0
  15   32    0
   5  -27   76
 -24   26    0
   0    0    0    0   -1
   0    0   27    0   40
  66    0  -44    0  -20
   2   48   34
  20    0    0
   0   44  -12
  13    0   45    0   -9
   0    0   -8    0   60
 -26    0    4    0  -18
   0   16  -33
  88    0    0
 -76    0   20
 -13   60
   4  -60
   6    0  -18    0    0
   0    0   -3    0   20
  26    0  -23    0    0
 -21   16   20
  48  -45    0
 -48   -7    0
 -46  100
  14   23
  -2   21  -20
   0  -44   44
  40  -27  -48
 -42    0   18    0    0
  10    0    0    0   12
   0    0  -68    0    2
  48   64   60
 -25  -18  -16
 -66   22    0
  46    0    0    0    0
   0    0   20    0    0
 -19    0    0    0   -7
  -3  -16  -72
  24    9    0
  36    0   46
  -8    0    0    0    4
 -21    0  -20    0   14
  17    0    5    0    0
 -24  -15 -100
  -8   25   63
  21    0   14
  42  -24   17
  32   18  -69
   4   21    6
 -32   10
 -72   -4
  39  -26
  14  -42
   0   24 -100
  26   38    0
 -16  -64   17
  30    0    1    0  -28
  44    0  -16    0    0
 -44    0   38    0   66
   0  -20  -14
   0    0  -75
 -39    0   51
   0   18
  15  -24
 -12    0   -4    0   23
 -27    0  -36    0  -46
  40    0   33    0    0
  12   38
 -24  -24
 -42   40  -36
  16  -16   14
 -14   -4  -25
  28    0  -15    0  -36
  -4    0  -48    0   66
   0    0  -18    0   38
  24  -20
 -13    4
  21  -18    0
  -2   24   45
  16  -28   51
   0    0  -11    0   -8
 -88    0   48    0  -21
  72    0  -69    0  -72
  72    0
  56  -64
  52    0  -30
  68  -32  -28
  72  -28   42
  48  -16  -19
  -9    0  -48
   0  -45    0
 -42    0  -36    0   -6
 -12    0    0    0  -66
   0    0   92    0  -40
 -12   54    0
  16   38   15
   0   34  -75
   0   14
   0   18
 100   48
  -2   19
 -28  -40  -42
 -21  -72   16
 -16   24  -72
   0  -10
  39  -63
  11   12  -25
  11    0    0
  18  -15    0
  28    0  -20    0  -24
 -45    0   12    0  -13
  24    0   28    0    0
 -23    0    8    0  -56
   3    0  -38    0  -42
   0    0  -20    0   51
  -6    0   76    0  -48
 -11    0  -52    0    0
  12    0   15    0   -7
   0    0  -33    0   40
   0    0  -24    0    0
  36    0  -72    0   -6
   0    0
 -17  -68
   0    0   -7    0    4
 -57    0  -48    0  -18
   0    0   18    0  -20
  63   52    6
 -15   14  -34
 -28   52    0
 -18  -38
  10   -8
  39   24
  33  -24
  42    0  -40    0    0
  12    0  -24    0    0
  51    0  -69    0  -64
  69  -42   36
 -84  -33   -8
  -3  -72   32
  40  -20   63
   6   26    0
 -38    0    0
 -40    0    0    0    0
  38    0  -36    0   20
 -24    0   36    0   18
 -44    0  -42    0  -32
   0    0   10    0    0
 -23    0    0    0    0
  13  -21
   0   26
   4  -63
 -84  -14
  76  -46
  40  -28
 -54    9
 -17    0
   0  -64  -21
  36   42  -69
 -28    4   26
 -40  -51
 -34   96
 -12    0    0    0   10
   0    0  -21    0   44
 -80    0   40    0   56
  12  -36    0
 -19    0  -32
 -19  -24  -20
  42    0    0    0   -6
 -28    0  -48    0   12
   0    0    0    0   69
   3  -16   60
   0   -4    0
  60  -40   57
   9  -11
   9  -84
  21    8   12
  69  -51 -100
  -5  -36  -38
   0    0    0    0   19
  28    0   45    0  -42
   0    0   18    0    0
  66   42
   0  -10
 -36  -10    0
   0   10   -9
  46   16  -16
 -20    0  -42    0    9
 -42    0  -44    0   -7
 -21    0    0    0   52
  42   10
  20    0
  75   24    0
  48   30  -12
 -24  -18  -75
  12    6   -2
  30    8    0
  44    6  -42
  33   -8
 -10  -32
   0    0    0
   0  -20  -15
   0   44   10
   0    0  -48    0    4
  14    0  -50    0  -48
 -40    0   23    0   63
   2   23
   0  -16
  16    0  -16    0  -63
 -32    0   -8    0  -36
   0    0  -40    0  -36
   0  -18
  14   39
  66  -20
  22  -34
 -51   54  -72
   0    0    0
  42   21  -56
   0    0  -51    0   39
   0    0  -66    0  -51
 -12    0  -88    0    0
  69    0  -12    0  -96
  10    0    8    0    0
 -21    0    0    0    0
  75   92
   0   10
  24    0   56    0   20
  17    0   96    0   13
  25    0  -16    0    0
  -3  -15    0
  16    0  -13
  -2   12  -75
   0    0    3    0    6
 -20    0   -4    0  -12
 -19    0    6    0   16
   0    6
 -26   -8
  -9   16   75
   8  -44    1
  -6  -22   24
   0  -38
   0    0
  30    0    0    0  -34
  13    0  -24    0   24
  21    0   28    0  -36
 -48    0
  20  -30
 -72  -76   -1
   0    0 -100
 -26   27  -14
   0  -64
  22  -11
  69  -36
  -8   10
   9    0    0    0   36
   0    0   -5    0    1
 -10    0   38    0    0
 -24   -9   16
   6   11  -18
  16    0   16
  30    0    8
  14  -42   12
  -4  -20   44
 -25   44
   0  -48
   0    0  -33    0  -48
   0    0   88    0  -33
   4    0  -24    0    0
  46    8
 -36  -92
-100    4    0
  -4  -44  -63
  20  -12    0
 -28    0    0    0    9
 -72    0   18    0  -32
   0    0  -23    0  -21
   0   32   63
  24    0  -36
   0   36    0
   0    0  -12
 -15  -20    0
  32   51  -32
  -4   45
 -15  -26
  28   18
  60  -75
 -15    0    0    0   13
  21    0  -57    0  -60
  36    0  -20    0    6
 -17    0    0    0   21
   0    0    0    0   69
   4    0  -68    0   15
 -14  -63
   3  -66
 -27    0    1
  26   16  -42
   0   42   42
 -63    0
   5  -20
  -3    0
  46   22
   0    3
   6  -12
 -56    0   21    0   12
   0    0   48    0  -21
  54    0  -44    0  -33
   6    0   48    0  -22
   6    0   27    0  -54
 -60    0    0    0    0
  60    0   16    0   -4
  96    0   48    0    0
  92    0    0    0    0
   8    0   28    0  -96
  -9    0   -4    0    0
   4    0   16    0    0

