   0  -21    8
  -3   22  -18
   6   24   44
  34    0
 -20  -18
   0   -8  -36
 -15   24    0
  16    0    0
   0  -13   48
   0  -32  -10
 -54  -12    0
  44   21
 -48    3
  96  -27   20
 -33  -44  -38
   4   24   23
   0  -39
  24    5
 -48   22
   0    8
  92  -48  -92
  28    0  -25
   3    0    0
   0  -10   68
  92   -8  -24
  14  -16    0
   0    0
   0   -8
  30   32    3
  34   -4  -24
  18  -30  -40
 -18  -33
   8   13
  -8  -39    6
 -80   16    0
 -46   84   34
  20   28   51
   0  -68  -40
   0  -64  -15
  33    0  -66    0   60
  16    0   84    0  -36
  -2    0  -25    0    0
 -54    0   12    0  -32
 -46    0  -72    0   15
   0    0    0    0   17
 -44  -56
  17   72
   0  -72   96
 -32    0  -76
  66    4    0
 -60   36   15
  19  -66    0
   0   96   92
 -32    0    0    0   60
   0    0  -25    0  -51
   0    0    0    0   46
 -21  -14
   0   26
 -56    0    0    0   60
 -16    0   76    0  -69
  56    0   66    0  -30
  18   32  100
   0  -21   80
  38    0  -16
 -20    0
 -75   -8
  -3  -44  -39
  -6    0   36
  48    7  -34
 -24    0    0    0   96
   0    0  -16    0   42
 -12    0   13    0    0
  16    0  -12    0  -25
   0    0   -5    0   -6
   0    0   32    0  -40
  -8    7
  13  -18
  44   42
   0    0
   2  -38
  12  100
   0   39   72
   0  -69    0
 -60   -4   22
  42   80
 -27    0
 -12    8    0
  20   -8    0
 -72  -13   68
  -5    0  -18    0   -3
   0    0  -10    0   52
  44    0  -22    0   42
  25  -28
   0    0
 -21  -16  -10
  18   63   56
   0    0   -9
   3  -25
 -12   16
 -13    0  -48    0    5
  18    0   27    0    0
  84    0  -40    0  -28
 -12    0    0    0   22
 -22    0   -2    0  -36
   0    0  -84    0   92
 -25   17
 -45  -15
 -36   63   36
  20  -12  -12
 -39   60    8
 -23  -15
   0   88
 -28    0    0    0    1
  96    0  -32    0    0
  46    0    0    0   10
  21  -54 -100
  44   36   52
   8  -36   -3
   0    0   30    0    4
 -72    0   56    0  -51
 -60    0  -25    0  -40
 -48    0    0    0   -9
   0    0  -19    0  -15
 -66    0   13    0   -3
 -15    0   36    0  -51
  48    0    0    0   -4
  12    0    2    0    0
   3  -12
  -2  -57
   0    2
 -33    0
  50    0  -12    0   48
   8    0  -68    0  -14
   0    0   33    0   19
  14    0   14    0    0
  68    0   45    0    0
 -30    0    0    0   12
  14  -10
  21  -28
 -63   36
   0   -6
  10    9
  76    3
 -34    0   -5    0  -22
  10    0    0    0   24
  30    0   26    0    5
 -92    0   76
   0   12   76
   0  -69   51
 -15  -14
-100   30
  10    6   24
  60    0   88
  -6   45   20
  11    0   60    0    0
  75    0  -16    0    0
  -2    0   -8    0   44
 -68   -2
  -8  -22
   0  -68
 -24   60
 -68    0
  22   -4
  20    0   64    0   64
  20    0    1    0  -11
 -24    0  -28    0    0
  -2   21  -30
 -42   12    0
  21    0   12
  -2    2
  -7   45
  13  -30
  44  -32
   3  -15  -45
   0    2   14
  21   32    8
 -16    0  -46    0   44
   6    0   -4    0  -50
  18    0   12    0    0
 -20    0   12
  18   40   12
  14  -96   -4
   9    0   16    0   -4
  18    0    8    0   92
  48    0   22    0   96
  15  -24
  14   63
   0   39
 -92   24
   0   60    3
  10  100  -52
  11  -92    0
  21  -75   20
   0    4   -6
  46  -44  -48
   0   45   27
  14  -66   96
 -28   10   24
  45    0    0    0  -28
 -80    0  -21    0  -16
   0    0    0    0    0
   0    0
   0   76
 -12    0    0    0  -13
   0    0 -100    0   11
  63    0   -2    0   18
 -48    0    0    0  -72
 -18    0    6    0  -96
  92    0   21    0    0
  42  -50
  34   10
  -9    0   80
 -22   -3    0
   0   80   -5
  72    0   10    0  -36
   0    0    0    0  -27
   0    0    0    0    4
 -40   -1   20
 -15  -88  -66
 -21  -20    2
  -4    0    0
  32    0   -9
  15   36    9
   0  -10    0
  52  -17   63
  28  -76   16
   0    0   -4    0   20
   6    0   24    0   16
   0    0   46    0    0
  24   36  -88
  -1   36   -9
   0    7   12
  69    0  -48    0   44
  -6    0  -45    0  -38
   1    0   92    0    0
  16  -36    0
  52    0  -19
  22    0    0
  64    0  -39    0   45
 -24    0   52    0  -30
   0    0   48    0  -44
 -36    0    0    0   18
 -96    0  -60    0  -64
   0    0  -14    0   40
 -17    0   -9    0  -25
  20    0   34    0  -18
 -32    0    0    0   24
 -13  -20
 -64    0
 -60  -80
  -1   69
 -20    0  -34    0   54
   0    0   28    0  -16
  11    0    0    0    0
  12  -12
-100    0
  -1   14
  21    0
 -51    0   -9    0  -68
  44    0  -64    0    0
   0    0   16    0   46
  88   88   72
  12   51    0
 -69   21    0
 -40    0   -4    0   12
  27    0  -19    0  -50
  25    0   44    0   -4
  23  -12    8
 -12   63  -14
   0   54  -45
 -16   39
  18  -24
 -20    8   16
  -9   48  -72
 -20   11   16
  -8   72    0
 -40  -22  -12
   0   42  -12
 -21    0    2    0   45
   0    0  -84    0  -22
   0    0  -16    0   48
   4    5  -22
 -12   -7  -42
  64    9    0
   0    0   20    0   10
  34    0    0    0  -96
  16    0  -36    0   36
   0  -48  -24
 -11    0   72
   2   -8   28
 -22    0    6    0    0
   0    0   40    0  -24
  -8    0  -57    0   -2
 -13   18
   0  -66
  -4   -2
  54   76
   0    0    0    0  -76
 -92    0  -15    0    8
 -34    0  -88    0    0
  23    0   11    0    0
  42    0  -42    0  -36
   0    0   68    0   -8
   8    0  -42    0  -12
  36    0   13    0    0
   0    0    0    0   75
   0  -21
  30    6
   0   -5    2
   0  -12   -3
  -2   16    5
   8    0
  96   -8
 -24   21
  -8    0
 -60    0  -21    0   44
 -19    0   24    0   24
  -2    0    0    0  -19
  48   72
   0   14
   0    0    0
  75    0   30
 -39   42   24
  -9   36
 -12   24
   0   42  -28
  18   -2  -12
  22   12   57
  66   44    0
 -33   51  -20
   0  -72    0
 -92    0    0    0   -4
   0    0    0    0   22
  36    0    0    0    0
  39    0
 -54    0
  68    0    4    0  -42
 -24    0   20    0    0
   2    0   18    0    4
  -8    0   23    0  100
  26    0   -6    0   -4
 -21    0    0    0    2
   4  -23
  32  -64
  24    0  -15    0   16
  12    0  -76    0   42
 -50    0  -25    0   66
  88   12   36
  22  -21   56
  19   40   66
 -12   92   -4
 -12    6   -6
  -6    3    0
 -75   68
  34  -17
  56    0  -24    0   84
  -4    0  -28    0  -14
 -12    0   30    0    3
 -12   -3
   0    0
 -17  100
 -34   32
   0    0
 -21    0
 -24   48    4
  33   15   10
 -22  -24   18
 -24   -3
   0  -48
  21   57  -76
 -20    0   25
-100   -6  -88
 -24   -9
   0    4
 -24    0    0    0   66
 -39    0    0    0   22
 -27    0  -22    0    0
  38    0   34    0   24
 -14    0   16    0    0
 -30    0   24    0   72
  -1    0   -7    0   54
  48    0    4    0   16
-100    0   21    0   96
  52    0   -9
 -21   44    4
  42   24    0
   0  -17   -3
  92    4    0
 -50    6    0
  34    0   60    0    0
  57    0    0    0   72
 -96    0  -50    0   18
  32   18
  27    9
  75    0    4    0   10
   0    0    0    0  -57
   6    0   10    0  -64
   8  -11
  23  -52
  63  -18  -27
 -21  -75   27
  12  -20   72
  28   -8
 -30    0
 -57  -63    6
  21    0  -57
  -8   50    0
  63   76
  44  -45
   1  -25
   8    0
   0    0  -11    0   80
 -32    0    0    0  -60
 -72    0   51    0    4
 -14    0   20    0    8
  28    0   40    0  -23
  30    0    0    0  -42
   3    0   -6    0    0
  30    0  -33    0   21
 -25    0   44    0   20
  60  -38   84
  25   51   45
   7   63   15
 -57    0   28
 -68    0    2
  72  -27  -15
  12   -8
  26  -21
  -4    8
  75  -33
 -44    0    6    0    0
   0    0   52    0    0
   8    0    0    0   40
  -1   80   34
 -32   21    0
  24  -22    2
  -3    0   18    0  -25
 -52    0   21    0    0
   0    0   20    0  -24
  -7    0  -33    0   46
  72    0  -56    0    0
   8    0    0    0   44
  16    0   -6    0  -16
  -9    0   69    0    0
 -39    0    8    0  -92
  72   -8
  24    8
 -32    0    0    0    0
 -12    0  -44    0  -76
   0    0   30    0  -56
   0    0  -12    0   13
 -42    0    0    0   80
   0    0  -18    0   76
  57    0  -16    0   36
  42    0  -16    0  -44
  13    0    0    0    0
  60    0   12    0  -46
   0    0  -46    0    0
 -12    0  -22    0   50
   0   -8
  -7   19
 -23   -5
   0    8
  16  -14
 -34    0
  23    0    1    0  -27
 -40    0  -54    0    0
 -16    0   34    0   72
   4    0   17    0  -21
 -26    0 -100    0  -56
  68    0    0    0   64
  16  -23    0
 -12    2   20
 -18   -6  -16
  66    0
   0    0
  25   17    2
   0  -36    0
  -6  -16   39
  12   24
  -3    0
  28  -19
  68   72
  88    0    0    0   32
 -42    0   38    0    0
 -22    0   42    0   28
  34    7    6
   0  -92   -8
 100    0   42
  12    0
 -13    0
   0    8
  19  -36
  -6    0   36    0  -24
  -4    0    6    0   56
  19    0    0    0    0
   0    0
   0   13
  13   18  -23
 -84    6   16
 -56   23    4
 -42  -22  -21
   0    0   63
  76    0    0
   4    0  -63    0   72
   0    0   40    0   76
   6    0    0    0  -44
   0    0  -44    0  100
 -36    0  -13    0    0
  84    0    0    0   -8
  12  -16
   0    0
 -21  -18
  15   12
  -2    0   22    0   36
  33    0   42    0    0
   0    0   36    0    0
   0   88  -48
  18    0  -12
  44   38  -28
  51  -76
   0  -51
   0    4
 -64  -21
  48    0  -72    0  -20
  36    0    0    0  -28
  -4    0   20    0   -9
  54    0   69    0    9
  -3    0   19    0    6
 -20    0   -3    0   48
   0    0   -8    0   -1
   2    0    0    0   18
  -2    0   -4    0   20
  72    0    0    0    0
  44    0  -20    0   84
  44    0    0    0  -52
  56  -48
   0    0
   0    0
 -72   30
  26    0  -12    0   48
   0    0    9    0    0
   0    0    8    0  -50
 -72  -39   15
  14  -24   34
  -1   20   10
  32    0   22    0   42
  63    0    0    0   34
  48    0   12    0  -72
  18    0
   3    0
  20  -20
 -88    0
 -14    0    7    0   18
  -4    0   52    0    0
  20    0   -6    0    0
  -4    0   40
  16  -10   18
  33    0  -24
   0   15
   1   66
 -24  -28
 -54   51
   0   12   40
   0   40    7
   0  -84   14
  24   38
  11  -24
 -48  -24
 -17   27
 -36    0   48    0   -2
  24    0    6    0  -84
  -9    0    0    0  -13
   0    0   60    0  -25
   7    0  -57    0    8
 -23    0  -66    0   -9
  16   -2  -96
 -23    0  -24
   0    0   76
   9  -24    0
 -24  -36   -5
  48   22  -38
  54    0   22    0   -2
   0    0  -36    0  -22
 -20    0  -40    0   25
 -20    0   18    0   -2
  66    0  -44    0    8
 -27    0    2    0   20
   0    0   17
   2    0    0
 -60   36  -22
   0  -45   -4
  -5    0    0
  72    0    0
  -2    0
 -26    0
  48    0   22
 -92   -4    0
  34   30   72
   0    0
  84  -16
 100    0
 -24  -33
 -48  -15
   6  -12
  -8    0  -69    0  -24
 -60    0  -76    0   33
-100    0   -8    0    0
 -15   48
 -48  -46
   0    9    0
 -36  -12    0
 -24    0  -12
 -38    0  -48    0   -4
   5    0  -28    0   -7
 -50    0  -27    0    0
 -51    0
  20  -64
 -84    0
  14    0
   9   12
 -72   -5
  10   76   76
 -34   24   75
  36   48   33
   4  -60   -8
  -8    0    0
   0   64   12
   0  -36
 -60  -10
  88   20
   9    0
 -12   75
  34  -88
   0  -18  -11
   0  -19   -7
   0   21   60
 -16    0   76    0   -1
  12    0    0    0    0
 -22    0  -30    0    0
  -1    0  -24    0  -24
 -75    0  -34    0   96
 -21    0    0    0    0
  28    6
  60   44
 -20   24
  -6   57
   0  -48   66
  92    0   24
  14    0   -6
 -50   -6
   0    0
  12   96
  84   30
  40    7  -20
   0  -20    0
  42    0   20
   0    0  -14    0   46
 -36    0  -40    0  -27
 -30    0  -44    0   -1
  48   60
 -42    0
   6    0    0    0    0
  -3    0    0    0  -50
   8    0   16    0    0
  30    0   16    0  -28
 -76    0  -54    0    0
 -72    0   21    0    0
 -48    0  -25
 -12   18  -42
  33    0   39
 -40    0    0    0    0
   3    0   52    0  -25
  18    0  -96    0    0
  20    3  -57
   6   39  -14
   6    0   48
 -84  -32
   2   32
 -88    0    0    0  -18
 -18    0    0    0   92
  36    0   36    0  -18
  30    0
   6    0
 -26   12
 -30  -20
 -52    0  -50
  28    0  -16
   0    0  -24
 -18    0    0    0  -24
  57    0  -88    0  -36
  51    0  -25    0   10
   0  -15
-100   80
  21    0
 -68    0
 -25    4    0
  69   64   34
 -51  -22  -66
  66    0  -33    0    0
  39    0    8    0   36
  13    0  -12    0   -8
   0    9
 -20   12
  -6    0   16    0    0
   0    0    1    0   32
  14    0   56    0    0
 -10    0    0    0  100
 -12    0   52    0  -12
 -18    0    0    0    0
  -8   60   51
 -15  -20   75
   0    0   22
   6   22
 -60   72
 -51    0  -48    0   -1
  -1    0  -42    0   26
 -40    0   15    0  -48
  24    0    9    0  -48
   0    0    0    0    0
  68    0  -32    0   -4
  84  -22    0
   0  -20   -9
  24  -52   16
   0   12   -5
  24  -15   60
   0   60    0
  57    8
  17   64
  16   16
  -4    3
 -51    0   48    0  -54
 -40    0  -32    0   -2
 -16    0    6    0  -16
   2  -33    0
   0   96  -28
 -76    0   25
 -57    0   27
  44  -84   -7
   1   13    0
   6    0  -27    0    1
 -72    0   12    0   -2
 -30    0   11    0   -1
  44  -24
  -6   -8
   0    0
   3   42
  -6   75    4
   0  -24    5
  18  -24    0
 -13    0  -20
 -88   14   22
  32   -3  -66
  57  -72    0
   0   60   18
  68  -18  -28
  -6    0
 -63   32
  33    0
  60    0
  52  -51    0
 -76    0  -26
  39    0    0
 -88   54
  18   80
   4    0
  -1  -12
  22    0    0    0   24
   0    0  -48    0  -68
 -88    0    0    0   22
  75   16   15
   0  -50    0
 -25  -12    0
   0  -60  -33
 -40   34  -10
  69   28    0
  96   36
  -3   30
 -25    0   14    0   30
 -23    0    0    0    0
 -45    0    0    0    0
   0  -72
   0  -36
 -28    0  -21    0   42
  28    0    9    0  -20
 -16    0    0    0  -46
   0   10  -39
  -6   57    0
  -8  -75  -51
   0    0  -48    0   72
  45    0    8    0   21
 -12    0   12    0   25
   7    0   45    0   15
  56    0   56    0  -30
  36    0  -66    0   22
 -18    6  -63
  -8  -13  -46
 -15  -63  -27
   0    0
   0  -96
 -20  -17  -42
 -24   60   44
  -4  -60    0
   0   13   44
 -20  -15    0
  28  -16   11
   0    0    0
  21  -45    0
  48  -25    0
   0    8
  -2    0
   0    0   51    0   -8
  92    0    4    0   15
  -8    0  -96    0   69
  27    0 -100    0   -3
  54    0  -52    0    0
 -50    0   24    0    0
  16  -39  -23
 -18   20   36
 -48   14    2
   0    0   84
   0    0    0
  64   -9  -60
  22    0  -11    0  -18
  75    0  -19    0  -12
 -21    0   24    0   24
  12    8
 -24   40
 -36   -1
   9   44
   5    0
  36    0
   8   76
  18   42
  57   17
  60    0
   5    0  -27    0   60
 100    0  -32    0    0
  51    0   19    0   51
  -1  -96
 -72    0
 -16    0    6    0 -100
 -36    0 -100    0    0
  30    0   25    0  -30
  -4   28   42
   0   18    0
   0  -20    4
  45    0   12    0    0
 -39    0   18    0   -2
   8    0   10    0  -56
   0  -33  -25
 -52    0  -72
  -3   24  -12
   5   96
  26  -40
   9  -52   48
 -18  -10  -15
  52    0    0
 -20    0   13    0  -15
  20    0   40    0   96
  -1    0   22    0  -66
 -56   18   26
   0   84  -92
  16  -20    3
  -5  -46
  28    5
   0   42   16
   0   24  -96
 -48  -15   22
  69    0    0    0  -66
  96    0    0    0    6
  18    0    0    0    0
 -42    0  -24    0    0
   0    0    9    0    0
  14    0   32    0   15
  12   19    0
  11  -14    0
  36    1  -44
 -22  -30  -15
  48  -14   56
 -75   21  -22
 -28  -54    0
   0  -44    0
 -12    0   28
   0    0   44    0    0
  27    0    0    0  -16
  -1    0  -96    0   25
   0    0   75    0    0
  92    0   96    0  -45
  -9    0   57    0   -3
   0  -52
 -36    0
  75  -21   44
  63    9  -42
   1   27    0
   0   30    8
  15   11   36
 -84  -45    2
  48    0    0    0   -9
  72    0  -48    0   12
   0    0   10    0   45
 -44    0  -56    0  -57
 -20    0  -75    0   54
  26    0    0    0    0
   0   -9
 -18    0
 -18   -3
   0  -66
 -27   32  -84
  68   96    3
  12   44    0
  60    0   12    0   30
 -69    0  -40    0   14
  -4    0   14    0    4
  26   12   -3
  46   15   18
 -40    0    0
   0  -23  -46
   0   18    0
  18    2   -8
  96    9    0
 -12    0  -21
   4    0  -96
  12    0  -69    0   68
  12    0   21    0  -36
   0    0  -16    0    0
 -39  -52    0
   6  -12    0
  22   16  -23
 -24    0   45    0   19
  -8    0    1    0  -32
   4    0  -28    0    0
 -33    0  -44    0  -20
  42    0   28    0    8
  57    0  -57    0   21
   8  -10  -22
 -96    0  -42
  52  -75    6
  -3   36
   0    0
 -18    0    0    0  -17
   0    0   -2    0  -19
   0    0  -14    0  -18
  20   64  -18
 -24  -45    0
   4    0  -14
   0  -22
 -33  -24
   0  -33
   0   -5
  17    0   48    0    0
 -48    0   52    0   57
  75    0   38    0   -2
   0  -27
  24   63
  45    0   23    0  -72
 -68    0    0    0   17
 -75    0  -48    0   -3
   0   -6   56
 -48   50   80
   0   -3  -17
 -18    0    0    0   30
 -56    0   32    0   57
 -22    0    0    0    0
 -22    0    1    0    0
 -39    0  -42    0   -5
 -32    0    0    0   -4
   0    0   24    0    0
  48    0   36    0   16
  -3    0   -6    0    0
  18   27    0
  20   -3   44
 -22  -12    0
 -63   44   28
 -18  -24    0
  69   48   24
  28   -8   18
 -38   20   52
-100   12   48
   0    0  -40    0    0
  48    0   39    0    0
  54    0   69    0    3
 -10  -76    0
   0 -100   44
 -66   22   40
 -18  -24  -54
   0   -8    2
   0    4    2
  72    4
  15    0
 -18  -18    0
 -25    0   32
 -16    8  -46
  -6    0    0    0   -6
 -42    0   28    0   20
 -75    0   -8    0  -57
  15    0    0
   4   15   80
-100  -20   64
  -5    0   50    0    0
   9    0  -12    0   40
   0    0   54    0   -4
  12  -40  -52
   0    8  -14
 -36  -36   -8
   3    0   10    0  -10
  -6    0   16    0   -7
  36    0   -6    0   21
 -10   -4
 -12  100
   0    0    0    0  -28
  26    0   51    0   12
 -84    0    6    0    4
   6  -48
  15   44
 -20   40    4
  -7   -5   92
 -19  -68  -15
 -20    0  -51    0    0
  38    0  -54    0    0
   0    0   21    0   44
   8  -28
   7  -48
 -12    0
   0  -24
  24   88
   6   52
 -24    0
 -72   12
 -39  -68
 -22   -8
   0    0    0
 -26  -64  -24
 -10  -51   39
 -48   -5  100
   0   46  -92
 -34  -45  -24
   0    0    0    0   45
  18    0    0    0  -84
  15    0  -44    0   24
  22  -36
  23    0
   0    0    0    0  -38
 -56    0   -1    0  -72
 -88    0  -22    0   10
  11    0    0    0    0
  10    0    0    0    0
 -21    0    2    0  -12
 -20  -42    0
   0  -54   15
  22   -3  -48
  -3    0
  63    0
   3  -16
 -51   56
 -56  -72   88
  92  -57   48
   0  -32  -51
  -6    0   66    0   -6
 -33    0  -36    0    0
 -20    0   -3    0   14
  -6   66   44
   8  -21  -16
  -6    0  -52
  -7  -60
   0    0
  -1    0  -51    0    0
  48    0  -24    0    5
  42    0  -36    0   84
   3    0   16
  -2   12  -40
 -26  -32   36
 -36    0
  16    0
   0   24   30
  40    0  -22
   0    8  -12
  -7    0  -18    0  -48
  14    0  -52    0  -48
 -54    0    0    0  -64
  10    0
  16   -5
   0  -15
  16   -2
   0   50    8
 -12   15    0
  72   60   14
  56  100   36
  51  -75   -5
   0    0   -8
  30    0   10
  76   -9  -60
  14    0    0
  48   28
  18    0
  32    0   56    0    4
  -9    0    6    0    0
 -48    0    0    0   -8
  -6   75
 -24  -15
  -4    0  -20
  80  -84    0
 -24  -46   88
 -20    0  -68
   5  -80  -48
  51  -15  -69
 -48    0    0    0   42
  25    0   25    0  -60
  46    0   69    0    0
 -42    0    0    0   -6
 -15    0   48    0    0
  14    0    0    0   51
   0  -33   30
   5    0   18
  28   42   -8
  12    0    6    0   72
   8    0   48    0   -8
 -23    0   72    0  -22
   0    0  -30    0  -48
  45    0   76    0   25
   0    0   -2    0    0
 -38  -69  -57
  12   40    0
   0    0  -12
 -11    0   45    0    0
  -9    0   15    0    0
  34    0    0    0   32
 -23   60    9
  40    0   84
   3  -18   15
  18    0   -8
   2  -92  -18
 -54  -52   -8
  24    0    0    0   48
   0    0  -26    0   76
  12    0   38    0    4
  11    0    0
   0    0  -72
 -44   28  -44
  -4    0   72
 -12   24   36
  20   20   92
  12  -30
  33    8
   0   18   -7
  60    6   -7
  22  -21  -57
  32    0    0    0   46
  -4    0  -12    0    2
  -1    0   60    0    6
   3  -48    6
   3   15  -75
   0   60   18
   0    0    5    0  -10
 -25    0  -40    0   -4
  44    0  -10    0   30
   0    3  -75
  80   -2   16
   0   -9   44
  88  -32
   0   46
 -36   -7
 -36   12
  46   76   -2
 -42   39  -34
  13    0  -24
   0    0   -4    0  -12
 -12    0  -24    0   46
   8    0  -36    0    0
  57    0
  38  -25
  48    0
 -30  -20
 -52    0
   0  -46
 -10    0  -16    0    0
   3    0  -96    0  -14
   0    0   51    0   14
 -27  -25   80
 -16   45   36
  16   72   -2
   0    0  -13    0  -11
 -39    0   26    0    0
  16    0   28    0    0
  -8    0   10    0  -48
   0    0  -32    0   13
  -3    0  -14    0    0
   0   57  -13
   2  -12   84
  25   48    0
 -48    0    0    0   48
   0    0   24    0  -16
   0    0    4    0  -18
 -42   19
  84  -60
 -23   -8    0
 -36    0  -28
   0  -32    0
 -44   20  -76
  14    0    0
  16   36  -50
 -54    0   21    0    2
  57    0    0    0   75
 -17    0    0    0   42
 -64  -24
  63  -72
   0    0   69
   1  -24   68
   0  -52  -36
  32    0   22    0    2
 -66    0  -11    0   -9
  10    0  -39    0  -66
   0    0   54    0   15
 -22    0   21    0    0
  12    0  -50    0 -100
  -9  -48  -80
  -6   36  -10
   0  -36    6
 100  -34
  -6    0
 -63    0  -50    0    0
 -10    0  -21    0   26
 -33    0   12    0   80
   0   -3  -34
  57    0  -22
   2  -22    0
   0    0  -20    0    1
   9    0   21    0   16
   0    0  -25    0   24
 -72   40
  44  -32
   0    0   48
   0    0    8
   0  -32   22
 -48    0  -24    0   20
 -63    0    0    0  -72
 -21    0    0    0  -12
   0  -23   24
   4   36  -38
  30   12   44
   0   34
   0  -21
 -60    0    0    0    0
 -36    0  -92    0    0
  30    0  -40    0   12
 -12    0    0
 -64   76    0
   0   12  -12
 -46    0
   9   60
   2    0   26    0  -14
  16    0  -18    0   68
 -66    0   27    0  -72
 -72   12
 -36  -84
   0   18  -36
   0    8  -26
   0  -45    0
  -4    0  -32    0   60
  24    0  -69    0    0
 -18    0    0    0  -30
 -72  -20    0
 100   28  -32
 -80    0   69
   0   68
 -42    0
   0    0
 -12   -1
 -33    0
   8   22
  -8  -63
  76    4
 -19  -16
  69  -12
  21   57
  84    0
 -30   -4    9
   0   12   64
 -17  -10   24
 -21    0    0    0  -12
 -24    0    0    0   -6
  54    0  -44    0  -39
   2    0  -19    0  -75
  80    0   34    0   40
  28    0    0    0   10
  38    0   33    0   22
  34    0   -5    0  -42
   0    0   48    0    0
  30    0
 -40   -4
 -20    0   19    0   28
   0    0  -88    0    0
  13    0  -64    0    0
  30  -14    8
  12    0    0
  16   17 -100
  27    0   -5    0    0
  39    0  -32    0   24
  -1    0  -68    0   63
 -20    0   88    0   75
  18    0    0    0  -33
  -6    0  -30    0  -23
 -24    0    0    0   51
   0    0   92    0    0
 -24    0    0    0   32
 -25    0    0    0   30
 -11    0   -6    0   96
  84    0    0    0    4
 -40    0   -4    0  -10
 -12    0   18    0   -8
  17    0  -44    0  -34
   0   34
   0   20
  84  -75
   8    8
  16    0  -75    0    0
  24    0  -44    0    3
   0    0   -1    0    0
   0  -96
  20   45
  -7  -30  -10
  72    0   75
 -60  -20    6
 -10  -12
 -30  -14
 -80    0
 -24  -44
 -27    0  -44    0  -96
 -66    0  -42    0   72
  44    0  -26    0    0
   2  -20   -8
  18    0   45
 -17    0  -40
  22   42    0
   0   -6  -32
 -46   -9   20
   0    0   15    0  -12
   0    0  -25    0    0
 -39    0  -12    0   12
 -60    0   -4    0    3
 -25    0   24    0  -48
   8    0   64    0    4
  32   -4
 -24   96
   0   36
 -21   80
   0   16   -3
   0  -22    9
  40    8   10
 -76    0   12    0    0
 -48    0  -36    0   45
   0    0   48    0   21
 -48    0   66    0   -3
 -52    0   -4    0   36
 -96    0    0    0   12
  64   48
   0   -9
   0  -26  -10
 -16   -3  -48
  -3  -96   36
  60   36
  40    0
  48    0
  48   18
   0    0  -32
   0   44  -45
 -44  -80   28
 -16   48
  21   24
  -3  -36   60
 -40    0   -3
  48   24   72
   3   48
 -51    0
  12  -60
   0   -4
  20    0  -14    0   -2
 -28    0   -6    0   30
  15    0  -17    0    4
 -36   15   36
  16    0    8
  46   42  -44
   3    0
   3   24
  88    1   36
  19   63    3
  48  -36  -25
  -6  -44    0
  28    0    9
 -30    7  -10
  13    0  -42    0  -72
  60    0   20    0    0
   0    0   50    0    4
   0   26
   6  -84
  57   17    0
   0  -48  -80
  72    0   -2
  28   12   26
  33   40    0
  68    8   10
 -96   -9   14
 -18   16   24
 -11   -8   -2
 -25    0  -52    0   14
 -33    0   32    0   16
  24    0  -21    0  -28
  22    8    0
  -5  -75    0
  30   18  -44
  39    0   16    0  -56
 -26    0  -15    0   44
 -36    0    0    0  -48
   3    0    0    0  -14
  36    0  -16    0  -21
  12    0    4    0  -15
  16  -15  -30
   0    0  -25
 -84    0   23
 -68    0   68    0  -51
  20    0   39    0   50
  14    0   38    0    6
  -3    0    0    0  -12
  -3    0   33    0  -20
 -46    0   24    0  -24
  -5    9
 -20  -44
   0    0   50    0    0
  -6    0    0    0    2
   0    0  -42    0  -45
  24    0
   0  -50
   0   38  -14
 -63   11    0
  22  -42   44
  19    0
  16   20
   0    0   -6    0    0
  36    0  -88    0   32
  54    0  -28    0  -54
  42    0
  12  -36
 -16  -32   39
 -18    4   -4
  32    0   24
 -42    0  -12    0    0
  45    0    0    0   24
  36    0   30    0  -13
 100    0    1
  20    5    0
 -54   42   16
   0    0  -42    0  -24
   0    0    4    0  -60
  63    0   -6    0  -42
  44  -26  -10
   3   10  -48
  30   72    0
 -54   60  -12
   2  -22  -75
 -72   44  -44
  15    0    0    0    0
  23    0  -76    0  -15
  -2    0   24    0    6
  20  -52  -54
   0  -44   -7
  32   45  -34
   0    0  -68
  -2   15    0
 -19   -3   16
 -14    0   23
 -24   48    0
  69    0    8
  36    0    0
   4    0   -6
  60    0   51
   0    0   69    0  -21
  92    0    3    0   15
   0    0   75    0   51
 -36  -80   14
   0  -36  -22
  18    5    0
   0  -18
   0    0
 -13    0
 -12    0
 -24    0  -21    0  -20
   0    0  -50    0   48
  18    0    0    0  -40
  13    0  -52    0    0
 -30    0    4    0   -1
   0    0    0    0  -16
  44   32    0
  40   -3   80
  10   72    0
 -28   -2
  28  -12
  40    0    8    0    0
   0    0   44    0  -18
   0    0    0    0   16
  36    0  -68    0  -32
 -84    0    0    0   44
   8    0    0    0    0
   0    0    0
  44  -20    0
  92    0  -21
 -96  -48   -1
  69   33  -15
   0  -26   28
  24    0   45    0  -51
 -21    0  -19    0    0
   0    0  -32    0    3
  -2  -24  -13
  40  -39  -57
   0    0  -20
 -63    0
 -68  -20
   0    0  -17
 -48    7   72
   5    6    4
  32    0    0
   4    0  -63
   9  -12  -15
  60   21
   0   -1
   4   -6
 -33    0
  -5   12    8
   0   -6  -28
  76  -16  -21
   0   -4
  68    2
 100    0
 -66   39
   0    0   14    0   45
 -51    0  -11    0   15
  15    0   20    0   16
 -48  -75  -16
 -21   30    0
  -2  -72   -9
  -1  -12   28
  32  -50   23
   0   -9  -36
  36    0  -50    0  -72
   0    0  -16    0   66
  -4    0    0    0  -32
   0  -17    0
  60  -44  -40
 -30   12   69
  24    7
  24  -38
 -30    0    8    0   -2
  24    0   30    0    8
 -16    0   50    0   36
   0  -88   -9
   9   27   -5
   0    4    0
   8    0   26    0  -21
 -76    0   12    0   68
   0    0   24    0  -21
   0    0    6
 -12    0  -24
  21  -11  -32
 -21    0  -12    0   16
   0    0   20    0    0
  48    0   17    0  -28
 -45    0   23    0  -48
  28    0   -6    0   16
   0    0   34    0  -66
 -15    0    0    0   72
   0    0   24    0   15
 -12    0  -20    0   80
  39    8
 -92   72
  66   20   12
 -50   24   -5
   0  -60  -18
   0  -17  -22
   4    2   16
 -66   40   84
  -2   84
   0   -8
  -8    0  -44
  48   10   32
   0  -60  -21
 -21    0  -88    0    0
  36    0  -33    0   33
  39    0   13    0  -32
 -84    0    4    0   22
 -40    0   72    0  -32
  75    0  -32    0  -25
  14    2    0
  44  -45   24
  -9   -1   50
  24    0   72    0    0
 -12    0  -50    0    1
   0    0  -60    0   66
   0  -40
  20    0
  38   20  -16
  24    0    9
   0   30   18
  48    0    0    0    4
 -44    0    0    0   24
   7    0   20    0   40
  40    0   -3    0   76
   0    0  -72    0    0
   0    0  -88    0   -6
 -66   22   72
  28  -19    9
   0   13  -22
 -21    0   66    0  -23
   0    0   20    0    0
  15    0   22    0  -12
 -38    0  -12    0   42
  -2    0  -75    0    7
  -3    0  -75    0    0
  63   24  -19
 -50    2  -24
  48   23  -40
   0  -22  -51
   3  -19    0
  -4    0   18
   0    0
-100  -36
 -20    0  -18    0  -38
   0    0   32    0   -8
   3    0    0    0    8
   0   48
 -11   22
 -68  -16  -56
  14  -76    0
   8  -26  -88
   9    0    0    0   -6
  36    0   11    0   30
 -40    0  -69    0   16
  32    0  -50    0    0
  -4    0    0    0  -44
   2    0   44    0    0
 -27  -15  -13
   0   28  -12
 -42    0    0
   8  -20
   0    3
  -2    0   19
 -18  -18    0
   0  -24  -16
   0  -13
   0  -12
 -64   45  -36
  92   18   -9
  -4    0   88
   0    0   32    0  -14
 -40    0   22    0   88
   0    0   96    0  -26
  16    0    8
  44   42  -84
 -20   12  -12
 -28    0   44    0   -6
   0    0 -100    0    0
  12    0   -2    0  -63
 -40    0
 -34  -12
  20    0   40    0   10
   0    0    9    0    0
 -24    0  -72    0  -24
  18  -23
   8    0
   0   84  -28
   0  100   46
  28   24   51
  30  -22
   0  -60
   0    0  -14    0    0
 -33    0   20    0    0
  28    0  -21    0    0
   0    0  -28    0   11
   0    0  -26    0   16
   0    0    0    0   22
  -4   16
   0    0
  -2    6    0
  -4  -17   24
 -12  -21   28
 -54    0    0    0   16
 -48    0    0    0    0
 -30    0    0    0  -10
   4  -16  -42
  -2  -88  -45
 -12  -11  -18
   0    0    0
   0  -52  -28
  96   40  -69
 -25    0  -66    0   64
 -28    0    9    0  -14
   0    0   36    0   24
   0    0    0    0  -38
  42    0  -34    0  -21
  10    0   57    0   16
   3    0  -60    0    4
  40    0   -8    0    0
  13    0    3    0  -27
 -36   -6
 -23  -30
   0  -15
 -38  -63
   0    0    0    0   48
   0    0  -56    0  -42
   0    0    0    0    2
  -4   -8    4
  -4   -4    0
   0   14   12
   0  -16   23
  -2    0   12
  -9   20    0
 -40    0    0    0   18
  63    0    0    0  -10
  24    0  -60    0   48
 -15  -10   44
 -48    7    0
  20    0   40
 -76    0   10    0    8
 -45    0  -12    0   80
   0    0   20    0  -38
 -80    0    6    0   50
   0    0  -51    0  -64
   7    0   21    0  -21
  48    5
  48  -32
   0   22   32
 -57  -12  -21
   0  -21  -15
 -40  -13  -39
  14    0  -10
 -28  -92  -12
   2   18
  -7  -12
 -56    0  -12
  57  -68    1
 -32  -12  -42
  -6    0   92    0    8
  22    0  -44    0   12
   0    0  -68    0  -17
 -57    0
  32  -39
 -96    0
  28   -9
  30    0   88    0  -20
  92    0   50    0   57
 -40    0  -24    0  -46
   1   12
  42  -44
  26    0   63    0    0
   0    0    6    0   24
 -68    0    0    0   -2
 -21   12   -9
  72    0  -24
   0   26    0
-100  -13
   0   20
   0   76  -40
   0   28  -48
  13   36    0
   7  -22
 -44  -28
 -88    0   56    0   48
 -32    0    0    0  -38
 -48    0   48    0    0
  25    0
 -18  -68
  -2  -18
  25  -20
 -63    4
  21    0
  96   -3
 -16   21
 -12    0  -48    0    0
 -28    0  -25    0   30
 -12    0   84    0    0
 -42    4   60
   6   57  -24
   0  -18  -92
  54   27
   0  -57
   0    0
  -3    0
  -8    6    0
 -24   18  -42
   0    1   45
  69   76   68
  -9    4    0
 -15   54  -48
  24  -72  -38
   9   -8  -16
 -15   42   28
 -44    0    0    0  -46
 -22    0  -60    0    0
  21    0   15    0   80
   0    0    9    0    4
   0    0   -4    0  -48
  22    0   54    0  -13
 -18  -21
 -12   22
  21   21
  64    0
  23   18  -12
  20    0    0
 -24  -56   40
  30  -21
  48   16
   0   88
  69    2
  10    0   21    0  -12
 -12    0   18    0   56
   0    0  -52    0    0
  63   18
 -12    0
 -26  -52
-100   -4
   2    0   12    0   -9
  15    0  -21    0    9
   0    0  -27    0   42
 -45    0   75    0   27
   6    0    0    0  -39
  69    0  -30    0  -80
   0   42   23
   0   38   -5
  -3    4   14
   6   64
  24  -24
 -33  -18  -27
  52  -51  -40
  36    3   34
   0   28
 -75   22
   0   24
  19    0
   0   15  -10
   0   66  -14
  24  -12    0
 -15  -42    0
  -8  -30  -84
  60    0   -8
   4    0   42    0  -84
  30    0   42    0    0
   0    0  -50    0   60
  75    0   11    0    0
  63    0   45    0   20
  20    0  -32    0   30
   0   18
  39   22
  19   14
 -30    0
  84   72    7
   0   -8   51
  20  -57  -60
  15    0   20    0   11
 -12    0    0    0   64
 -27    0  -22    0   13
  30   -8  -15
  38    0  -46
  30   20    0
  42  -23  -15
 -72   76   -4
  40   46   24
 -28   14   16
  42  -28   21
 -76    0   34
   0   21
 -10  -10
 -28    0  -24    0   96
 -64    0    0    0   24
 -15    0   -8    0  -24
   0  -36    0
   0   44   -4
   0   48  -24
  -3   16
   0   -9
   0  -30
 -21   39
  96    0   36
  48   12   18
   0    0   -4
 -16   54    0
  24   24    0
 -60  -42  -42
 -36   -8
  28    0
   0   60   21
  19   10    0
  18    4    0
  24   48  -46
  10  -52   -6
   0   51   36
   0    0
   0   60
   0   45
 -64    9
 -15    0  -23    0    4
 -18    0  -42    0   44
 -36    0    0    0  -25
 -69    0   -4
 -34   -4   20
  15    4   -8
 -12   48   17
  32   66   57
   0    0  -64
 -64   -4   30
   0   25   16
  24  -10  -14
  92   10  -56
   0   -5  -56
 -80  -34    0
 -33  -72   36
  -6    3   36
 -75    0   10
   0   46
 -21  -13
   0    4   72
   0  -72  -36
  12    0    0
 -46   57    4
   0    0   25
 -10  -60   -6
  54    0    0
  -8  -96  -44
  24  -42  -88
  42    0   18
 -44    0   -6
 -39  -69  -10
   0  -19
   0    2
 -48    0   32    0    0
 -80    0   32    0  -15
   0    0   22    0  -54
  16    0   -9
 -14  -50   24
  64    8   48
 -11  -22  -75
 -36   15    5
   0   -9  -44
 -24    0    0
  -8  -42    2
   0  -20   10
   0    0  -76    0   10
 -32    0   12    0   80
  10    0    4    0  -48
  13   40
   0  -30
  36  -10    3
 -33   92    0
 -24    0    0
 -10  -12
   0  -60
 -16    0   -8    0   -3
  -9    0    3    0   36
   0    0    0    0   44
   0    0   72    0    0
 -24    0    0    0    0
 -16    0   22    0   -4
 -36    0    0    0  -60
   0    0   60    0   -4
 -48    0  -12    0    0
 -18    0   26    0   48
   0    0    0    0   18
 -45    0  -48    0    0
  22    0   12
 -64    5   63
  -2    0    0
 -42    0
  -3  -56
  20   20    8
 -60  -15  -24
  12    0   14
 -30    0
 -12    0
 -36   72    0
  75   19  -28
 -20   21  -14
  28    0    0    0   -3
  16    0   -4    0    4
 -76    0   32    0  -60
  18   72   -2
  42    0   -9
  30  -88  100
  12   72
 -10  -66
 100   -9    0
 -39    0    0
   0   72   27
  60    0    0    0   12
   0    0    0    0  -22
  17    0  -63    0   -4
   0  -20    0
   0   60  -33
  48   30    0
   0  -38    0
  48  -50  -38
 -48    0    4
 -36   76
 -20  -75
  -4   18    8
   0    0    8
  40    0   68
  10    0   -8    0    4
 -40    0   50    0  -24
   4    0    0    0   18
   0  -18   -6
 -28    0   44
   8  -68  -20
 -28   24
 -32  -20
   8    0
  21   10
  -6    0  -14    0    4
  20    0    0    0  -46
 -20    0    8    0  -12
   0   88
  64  -38
 -46    0   23
   0  -23   27
   0   25  -42
   0    0  -16    0   32
   0    0   12    0  -12
 -18    0   60    0   19
  -6    0    2
  76    0  -36
 -18  -60   63
  23  -60
  18  -28
 -15   12  -23
 -16   80   44
   0   51   -8
 -68   10    0
 -17    8    0
  16   -3   40
   0   16
  63    3
  -9    0  -16
  26   80  -23
 -30    0   23
  12  -20
 -14  -36
  36   -2
  44  -56
  25    0    0    0  -36
  64    0    0    0   18
 100    0    0    0    3
   0    0   30    0   46
  -2    0  -24    0   48
   0    0   46    0    0
 -32   38
 -68    0
   0  -34
  46  -20
 -36   -9    0
  18   20   48
 -18  -12   -9
   0    0   12    0   30
   0    0    2    0    0
   0    0  -24    0    0
   0    0    6
  92   48  -32
 -36   40    0
 -20    0    0    0  -92
  12    0  -72    0   28
  18    0   22    0  -15
 -15    0  -36    0   17
  72    0   -1    0  -24
  38    0    0    0    4
  -3   30  -32
   0    0   36
 -36  -16   28
  -4  -66
 -36    8
 -28   96
 -11  -18
   0    0   40
 -20    0  -18
  28   64   20
   2    0   32    0    0
   0    0  -36    0   92
  30    0    5    0  -48
  44    0  -12    0  -16
 -66    0  -19    0   -4
 -22    0    0    0  -20
  26    5
   5   63
   0  -15
   3   -4
 -84    0   69    0    0
   0    0   14    0    3
   6    0  -12    0   11
  14  -34   -3
  10    0   63
   0   15  -14
 -60   36    2
 -20  -13    0
 -19  -24    0
 -38    0
   0    0
 -48   -8
  60    8
 -64  -54    0
  64   96  -69
   7  -40   14
   6  -72    0
   0  -18  -16
   9    0  -42
   0    0    0
   0    8   30
  40    0   15
   3  -22   -4
   9   16    0
   0  -32    0
  16    0  -56    0  -18
  48    0    0    0   38
 -20    0    0    0   26
   0    0    0
  34   19   -3
 -20  -32    0
   0    0   20    0  -64
 -48    0    4    0    0
 -69    0    0    0  -21
  42    7
   0  -18
 100    0  -30    0   92
 -30    0    0    0    0
 -26    0  -14    0    0
   0   14  -46
   0   42    0
  12  -15    0
   9    0
 -26  -24
 -12  -34
   7   -3
 -92   23    0
  12   -3   16
 -75  -40  -34
 -57    0  -14    0   66
   0    0  -24    0  -42
  92    0    7    0  -15
 -48   -1  -24
  12  -92    0
 -15   -9   96
  40    0
 -10   24
  40   12
 -23  -24
 -72  -48
   0   20
   6    0
   8   36
   8    0   75    0  -14
  -2    0   92    0    8
  36    0   30    0  -38
   0    0    0    0    2
  15    0   -6    0    0
  -8    0  -30    0   -3
 -16    0
 -40    0
  -8    4   20
   3   16    6
   9    6   45
  56   12   60
 -13    0  -19
 -33   92   30
 -33    0  -20    0   -8
   3    0  -20    0   -1
 -24    0  -45    0   60
  12    0 -100    0    0
 -28    0   20    0  -16
 -36    0    0    0    0
   0    0
 100   18
 -17  -24
 -13    0
  -2    0    0    0    0
   4    0   17    0   -4
   6    0  -42    0  -50
   8  -34   68
   1   56  -24
 -46   27  -48
  30    0   30    0   16
 -54    0   42    0  -27
   0    0    8    0    3
  75  -42
  16    0
   4  -68
 -16  -22
   0  -15   51
  45    7    0
 -33  -39   16
  12    0   -8    0   36
  -7    0  -72    0    7
  20    0   36    0    0
  21    0
 -44    0
   0   -9   18
 -33    0  -13
  25   13   50
 -75   38   40
  16  -12    0
 -20   -3    0
  38    0    0    0   96
 -16    0    0    0   23
 -66    0   18    0  -21
 -22  -26
  33    7
 -72  -80   21
 -32   -2   13
   0  -11    0
  54    0   20    0  -16
   0    0  -36    0   68
   0    0   -6    0    0
  20  -44
  -8   21
  -2  -51   -2
 -76   56   30
 -12   88   21
 -12    0   21    0   16
  12    0   -6    0  -15
 -50    0   21    0  -20
   0  -39   -9
  33   21    0
   3  -18   72
 -48    0  -44    0   -3
  64    0    0    0   10
   4    0  -60    0  -84
   0    0
   0   14
  22    1   16
  46  -48   15
   1    6    0
 -88    0  -11    0   25
  11    0  -51    0   66
 -16    0   21    0   60
  30    0    1    0  -42
  24    0    0    0  -12
  22    0   18    0   92
  -8  -36    0
 -28  -40   20
 -28   42  -13
   4   88
 100   26
 -24  -60   24
 -24  -22   18
  -8  -27  -32
   0    0   42    0   92
 -52    0  -57    0   28
 -16    0   -6    0    0
   0   39
  44  -88
 -68  -66
   0   -4
  28  -15  -96
 -16    1   17
 -38    0  -40
 -80   30    0
  30  -10    0
  51   36   28
   0 -100
  12  -57
 -30    0    0    0   -5
   6    0   42    0   24
   0    0   30    0   -2
  16    0  -17    0  -32
  22    0   56    0  -64
  24    0  -72    0  -64
 -22    0   18    0   84
  44    0  -76    0  -50
  33    0    0    0   28
 -22    0   32    0    0
  92    0   80    0  -80
 -33    0    0    0    0
 -14    0
 -20   24
  -3    0   -8    0   66
  27    0  -16    0   16
   0    0  -44    0    6
   0    0  -38
 -48   21  -40
 -10    6    3
   4  -16  -88
  -2  -64   42
 -10   18    0
  84    0   48    0   33
   0    0   15    0   25
   0    0    1    0    0
   0    0   15    0  100
 -80    0   18    0   64
  40    0  -69    0  -20
   6  -36
   0  -16
 -75    0   36    0   75
  45    0    0    0  -20
 -44    0    0    0  -45
  -1    0
   0  -60
   0    0
 -14  -92
 -72    0   -7
  69  -46    0
  -8  -14  -50
  44  -40
  33   14
 -80   44
 -32   32
  30  -24  -57
  -2    0  -36
   0   96   26
 -56    0    0    0    0
   0    0    0    0  -28
  -8    0   28    0    0
  32    0    0    0    0
   0    0   27    0   32
   0    0  -27    0    0
 -15    6
  72   34
  11  -14
   0    0
   0    0   28    0    0
 -42    0   28    0   20
  24    0  -14    0   66
  30    0   52    0  -21
  68    0    0    0   21
 -92    0    0    0   11
   9    0  -20    0    0
 -21    0  -88    0  -15
  17    0   45    0   45
  36    0  -36    0  -19
   3    0   -3    0  -12
  24    0   68    0   10
   0    0   -6    0   80
 -16    0   12    0    0
 -28    0  -22    0    0
  64   30
  -6  -10
 -18    0  -34    0    0
 -44    0    0    0    0
   0    0   10    0   36
  57  -22
   9   16
 -12   14   48
  26  -10   32
  -6   -4    0
 -16    0  -28    0  -92
  60    0   28    0  -38
 -27    0   84    0    0
   0    3
   0   -1
  40  -12
  48    0
  16    0  -21    0  -42
   0    0    0    0   -8
 -72    0   20    0  -63
  10  -44
   8    0
  75  -44
 -25  -32
 -64   -2   44
  -8    0  -48
   0    0   66
  66  -64
 -27   42
 -20  -20
 -38   -2
  10  -56    0
  36  -80   22
   0   60 -100
  44   56
   0   14
   4  -15   23
   4   -4   24
  16   -1   42
   8  -23   16
 -12   15  -16
 -15    3  -57
  12   39
  80    0
   0    0  -45    0   -5
 -13    0  -36    0    0
 -76    0   24    0  -28
   0    0    0    0   26
 -50    0   36    0   42
   0    0  -72    0   20
  72  -96   88
 -18  -34   -6
   8   45    0
  -5    0  -64    0  -96
  -2    0   60    0  -72
   0    0  -18    0  -25
  80    0   72    0    0
   0    0   19    0  -39
   0    0    6    0  -15
  63   -2  -15
  16    4    8
 -16  -24    0
  19    0  -96    0  -24
   0    0   -4    0    0
   0    0   84    0   51
  84    0   48    0   24
   8    0   -8    0   51
  60    0  -88    0    0
  46   22
 -48    0
 -64    0    0    0  -51
   0    0   -6    0    4
 -20    0  -39    0  -96
   0  -88
   0    0
  60    0    0    0   30
  10    0   46    0   18
  80    0  -10    0   36
  28  -68
  -9  -44
 -27    0   48    0    0
   0    0   34    0    3
 -17    0   56    0    0
   0  -14
 -80   14
 -14    0  -42    0  -14
  16    0   38    0    0
 -51    0    0    0  -38
   0  -18
  44    8
   5    0   15
   0    0   72
   0  -60  -39
 -28   23  -72
  66  -28   -3
   3   21    0
  -1    0   20    0  -64
  80    0   66    0   21
   0    0  -22    0   21
 -30   15   52
  28  -72    0
  42    6   10
   1    0
  30   -4
   0  -88
   0    0
 -14    0    0    0    0
 -36    0    2    0   44
  42    0   -3    0    0
 -14    4
 -19    0
 -20   17
 -18   45
 -33  -42
 -21    0
  -9  -28
   0   66
  16   25  -51
 -22   27  -60
 -15   10    3
 -48    0   27
 -14   48    0
 -56   -9    0
  20  -48
  17  -96
   1    0  -21    0  -17
  50    0  -84    0    8
 -48    0    0    0   42
   0   21  100
  48  -32   57
   0   48    3
  27  -12 -100
 -75   11  -84
   0  -27    0
 -64   60
   0    0
   9   18
  -6   84
  40   66
 -38   48
   0    0  -84    0    0
  84    0   44    0    0
   0    0    0    0  -20
  68    0    6    0  -56
  48    0   -8    0    0
  40    0   96    0  -32
 -24   44   -5
 -14  -24   24
   6    0    0
   0   36
  28  -28
 -10  -40
   2   18
  20    0    0    0  -60
  -2    0  -72    0   -9
  27    0    0    0  -72
 -44   34    0
   0   -4  -18
   5  -48  -33
  92  -16  -14
  -4    4    0
 -46    6  -16
 -80  -18
 -20   26
   0   48   96
  -2   64  -88
   0   50    0
  25   15    3
  -9   -6   33
  -8    3  -54
 -15   28
   0  -12
 -52  -22   16
  -4    0    0
  -6  -24   75
  10    0  -48    0    0
   0    0    4    0   -4
  26    0    0    0  -42
 -46   92
   0   51
   0  -20
  30    3
 -76   -3    0
  -8   22    3
 -32    0   24
  17  -19
   0  -10
   8  -39   72
 -18   12    0
   0  -39  -32
  12    0    0    0  -13
  42    0    0    0   69
 -16    0  -44    0   -1
 -24    0   54    0  100
  46    0  -72    0   20
 -72    0  -19    0  -38
 -60   24
   0    0
 -51    0  -24    0   13
  25    0    0    0   16
  -9    0   -7    0    0
  40    0  -40
 -24   -1    4
 -32    0   45
 -92    6
 -12    0
 -28  -88   36
  30    0   84
 100    5    9
 -10  -80
  44   27
   9    0  -16    0   33
   0    0    0    0   24
  -8    0  -17    0   42
 -27  -24   15
   0  -51    9
 -12  -23  -75
 -21    0  -20
  15   24  -19
  11   18    0
  -8  -18    0
 -45   25  -10
 -20   21   96
  18    0
 -25   19
 -44   44
  66   51
  14    0
 -20  -40
   0  -18  -18
  26   -6  -12
  20   21   15
  16  -30
   6    0
  96    0    0    0   -3
   2    0  -10    0   10
   0    0   -4    0  -42
 -40    0  -45    0   54
  42    0  -22    0    6
 -44    0    0    0    6
 -20    0    0    0  -19
  11    0  -32    0    8
 -28    0    0    0  -45
  68    0  -20
   0  -75  -12
   0    0    0
   0    0   39    0   63
 -18    0    0    0  -11
 -20    0    0    0  -32
   9    0   24
   0    6  -22
 -28    0    4
   0  -24  -30
 -24   12   80
  24    0    0
  48   12
   8  -72
   0    2   -8
   0  -22  -24
 -40   -8   -3
  32   -7    0
 -36  -38    6
  52  -38  100
   0   -4   72
 -57    0   36
  28  -22  -30
  33    6
   0  -75
 -12  -24
  -2    0
   0    0
   0   -8
  80   15    8
   0    0  -92
   0  -54   -9
   0    0   12    0   -5
   0    0  -84    0   66
 -25    0  -16    0   80
  45    0    0    0    2
   0    0    9    0   21
  48    0    0    0  -56
 -15  -68
 -25    0
   0  -21
  32  -28
 -30    0  -24    0   19
 -28    0    6    0    0
  96    0   52    0  -21
   0  -12
   0  -40
   0    0   13
  40  -24    0
  30   51   44
  57    0    0    0    0
 -15    0  -27    0    9
   0    0   39    0   48
 -40    0  -22
 -84  -48  -13
   8  -72  -21
   0   88
 -25  -84
 -12    0    0    0    0
 -48    0   52    0    4
  17    0    2    0  -39
   9  -60   39
 -24    0    0
 -30  -14    0
  12   25  -60
   0   96   -4
  22   44    0
  13  -24    4
 -32    0  -44
 -20   19    0
  42  -76
 -45   57
-100    6  -42
   9    0   48
  -9 -100    0
  48    0    0    0  -18
  68    0    0    0    0
 -48    0   22    0  -17
 -12   -6   22
 -66    0  -44
 -36   72   14
 -32  -48
   0  -14

